--------------------
Cycle 1: 256  lw x1, 304(x0)
Registers 
x00:	0	0	0	0	0	0	0	0	
x08:	0	0	0	0	0	0	0	0	
x16:	0	0	0	0	0	0	0	0	
x24:	0	0	0	0	0	0	0	0	
Data
312:			0		-4		3		12		0		0		0		0
344:			0		0		0		0		0
--------------------
Cycle 2: 260  lw x2, 316(x0)
Registers 
x00:	0	0	-4	0	0	0	0	0	
x08:	0	0	0	0	0	0	0	0	
x16:	0	0	0	0	0	0	0	0	
x24:	0	0	0	0	0	0	0	0	
Data
312:			0		-4		3		12		0		0		0		0
344:			0		0		0		0		0
--------------------
Cycle 3: 264  bne x0, x1, #18
Registers 
x00:	0	0	-4	0	0	0	0	0	
x08:	0	0	0	0	0	0	0	0	
x16:	0	0	0	0	0	0	0	0	
x24:	0	0	0	0	0	0	0	0	
Data
312:			0		-4		3		12		0		0		0		0
344:			0		0		0		0		0
--------------------
Cycle 4: 268  sra x3, x2, #2
Registers 
x00:	0	0	-4	-1	0	0	0	0	
x08:	0	0	0	0	0	0	0	0	
x16:	0	0	0	0	0	0	0	0	
x24:	0	0	0	0	0	0	0	0	
Data
312:			0		-4		3		12		0		0		0		0
344:			0		0		0		0		0
--------------------
Cycle 5: 272  andi x4, x3, #4
Registers 
x00:	0	0	-4	-1	4	0	0	0	
x08:	0	0	0	0	0	0	0	0	
x16:	0	0	0	0	0	0	0	0	
x24:	0	0	0	0	0	0	0	0	
Data
312:			0		-4		3		12		0		0		0		0
344:			0		0		0		0		0
--------------------
Cycle 6: 276  ori x5, x3, #4
Registers 
x00:	0	0	-4	-1	4	-1	0	0	
x08:	0	0	0	0	0	0	0	0	
x16:	0	0	0	0	0	0	0	0	
x24:	0	0	0	0	0	0	0	0	
Data
312:			0		-4		3		12		0		0		0		0
344:			0		0		0		0		0
--------------------
Cycle 7: 280  and x1, x5, x2
Registers 
x00:	0	-4	-4	-1	4	-1	0	0	
x08:	0	0	0	0	0	0	0	0	
x16:	0	0	0	0	0	0	0	0	
x24:	0	0	0	0	0	0	0	0	
Data
312:			0		-4		3		12		0		0		0		0
344:			0		0		0		0		0
--------------------
Cycle 8: 284  or x1, x4, x1
Registers 
x00:	0	-4	-4	-1	4	-1	0	0	
x08:	0	0	0	0	0	0	0	0	
x16:	0	0	0	0	0	0	0	0	
x24:	0	0	0	0	0	0	0	0	
Data
312:			0		-4		3		12		0		0		0		0
344:			0		0		0		0		0
--------------------
Cycle 9: 288  addi x1, x1, #-2
Registers 
x00:	0	-6	-4	-1	4	-1	0	0	
x08:	0	0	0	0	0	0	0	0	
x16:	0	0	0	0	0	0	0	0	
x24:	0	0	0	0	0	0	0	0	
Data
312:			0		-4		3		12		0		0		0		0
344:			0		0		0		0		0
--------------------
Cycle 10: 292  sw x5, 304(x0)
Registers 
x00:	0	-6	-4	-1	4	-1	0	0	
x08:	0	0	0	0	0	0	0	0	
x16:	0	0	0	0	0	0	0	0	
x24:	0	0	0	0	0	0	0	0	
Data
312:			0		-4		3		12		0		0		0		0
344:			0		0		0		0		0
--------------------
Cycle 11: 296 jal x6, #-16
Registers 
x00:	0	-6	-4	-1	4	-1	300	0	
x08:	0	0	0	0	0	0	0	0	
x16:	0	0	0	0	0	0	0	0	
x24:	0	0	0	0	0	0	0	0	
Data
312:			0		-4		3		12		0		0		0		0
344:			0		0		0		0		0
--------------------
Cycle 12: 264  bne x0, x1, #18
Registers 
x00:	0	-6	-4	-1	4	-1	300	0	
x08:	0	0	0	0	0	0	0	0	
x16:	0	0	0	0	0	0	0	0	
x24:	0	0	0	0	0	0	0	0	
Data
312:			0		-4		3		12		0		0		0		0
344:			0		0		0		0		0
--------------------
Cycle 13: 300 break 
Registers 
x00:	0	-6	-4	-1	4	-1	300	0	
x08:	0	0	0	0	0	0	0	0	
x16:	0	0	0	0	0	0	0	0	
x24:	0	0	0	0	0	0	0	0	
Data
312:			0		-4		3		12		0		0		0		0
344:			0		0		0		0		0
